start	1	2020	1	5	3
	1317	99	329.250000	65.250000	95650.940000	-11.853030	2020	1	5	3
start	1	2020	1	1	19
	1046	160	261.500000	50.000000	98642.000000	2789.272000	2020	1	1	19
start	1	2020	1	3	23
	915	143	228.750000	54.250000	97501.750000	-6.579590	2020	1	3	23
start	1	2020	1	8	10
	977	153	244.250000	51.750000	99074.250000	20745.470000	2020	1	8	10
start	1	2020	1	6	15
	1263	161	315.750000	49.750000	95163.810000	1.721191	2020	1	6	15
start	1	2020	1	13	21
	1391	121	347.750000	59.750000	93878.560000	-4.368652	2020	1	13	21
start	1	2020	1	8	22
	1024	201	256.000000	39.750000	99537.000000	15054.720000	2020	1	8	22
start	1	2020	1	10	13
	897	141	224.250000	54.750000	97924.060000	-0.868652	2020	1	10	13
start	1	2020	1	12	12
	940	162	235.000000	49.500000	99829.250000	3626.819000	2020	1	12	12
start	1	2020	1	14	22
	1024	201	256.000000	39.750000	100162.900000	15054.720000	2020	1	14	22
start	1	2020	1	17	10
	1320	167	330.000000	48.250000	98710.560000	-2.126465	2020	1	17	10
start	1	2020	1	18	11
	1252	152	313.000000	52.000000	95544.940000	0.076660	2020	1	18	11
start	1	2020	1	23	5
	1375	65	343.750000	73.750000	95861.310000	29.330570	2020	1	23	5
start	1	2020	1	19	14
	896	258	224.000000	25.500000	100452.500000	3.029785	2020	1	19	14
start	1	2020	1	20	10
	872	179	218.000000	45.250000	98095.120000	9.225098	2020	1	20	10
start	1	2020	1	23	19
	1186	246	296.500000	28.500000	100022.800000	-2.419434	2020	1	23	19
start	1	2020	1	25	21
	1308	107	327.000000	63.250000	95254.750000	-0.770996	2020	1	25	21
start	1	2020	1	28	7
	1258	151	314.500000	52.250000	98794.250000	-0.821777	2020	1	28	7
start	1	2020	1	27	23
	1032	220	258.000000	35.000000	100395.400000	11016.900000	2020	1	27	23
start	1	2020	1	28	21
	840	159	210.000000	50.250000	95481.000000	2.846191	2020	1	28	21
start	1	2020	1	30	9
	1122	238	280.500000	30.500000	100690.500000	-1.954590	2020	1	30	9
start	1	2020	1	30	0
	1017	246	254.250000	28.500000	100400.300000	13467.970000	2020	1	30	0
start	1	2020	2	1	1
	912	151	228.000000	52.250000	97836.000000	68.170410	2020	2	1	1
start	1	2020	2	8	1
	1304	108	326.000000	63.000000	92986.120000	3.814941	2020	2	8	1
start	1	2020	2	7	17
	902	158	225.500000	50.500000	99100.750000	-16.294430	2020	2	7	17
start	1	2020	2	6	22
	1023	216	255.750000	36.000000	99905.880000	17122.000000	2020	2	6	22
start	1	2020	2	13	5
	711	163	177.750000	49.250000	95205.500000	2.967285	2020	2	13	5
start	1	2020	2	11	1
	884	123	221.000000	59.250000	100004.100000	1059.792000	2020	2	11	1
start	1	2020	2	13	0
	1388	143	347.000000	54.250000	97807.750000	-0.126465	2020	2	13	0
start	1	2020	2	14	5
	1333	123	333.250000	59.250000	93404.310000	0.713379	2020	2	14	5
start	1	2020	2	14	22
	835	108	208.750000	63.000000	99706.750000	20824.770000	2020	2	14	22
start	1	2020	2	21	3
	1361	111	340.250000	62.250000	95844.310000	63.990720	2020	2	21	3
start	1	2020	2	25	13
	37	134	9.250000	56.500000	97535.750000	296.439900	2020	2	25	13
start	1	2020	2	24	20
	1072	214	268.000000	36.500000	99820.440000	2602.030000	2020	2	24	20
start	1	2020	2	23	9
	911	159	227.750000	50.250000	98937.250000	2.525879	2020	2	23	9
start	1	2020	2	29	3
	1320	118	330.000000	60.500000	97873.940000	3.564941	2020	2	29	3
start	1	2020	2	27	19
	1133	173	283.250000	46.750000	98434.940000	3719.022000	2020	2	27	19
start	1	2020	3	2	19
	1123	145	280.750000	53.750000	98629.380000	10.010250	2020	3	2	19
start	1	2020	3	3	15
	616	196	154.000000	41.000000	98525.380000	-0.380371	2020	3	3	15
start	1	2020	3	11	2
	1333	118	333.250000	60.500000	95759.620000	-4.118652	2020	3	11	2
start	1	2020	3	6	14
	1147	220	286.750000	35.000000	100108.500000	2.873535	2020	3	6	14
start	1	2020	3	20	8
	362	25	90.500000	83.750000	96652.310000	3.639160	2020	3	20	8
start	1	2020	3	9	0
	970	208	242.500000	38.000000	100667.200000	16109.370000	2020	3	9	0
start	1	2020	3	12	14
	638	117	159.500000	60.750000	96010.380000	-84.474120	2020	3	12	14
start	1	2020	3	21	12
	904	216	226.000000	36.000000	100970.800000	-4.294434	2020	3	21	12
start	1	2020	3	22	23
	1031	213	257.750000	36.750000	100782.800000	11585.870000	2020	3	22	23
start	1	2020	3	25	19
	1245	166	311.250000	48.500000	99206.880000	4.158691	2020	3	25	19
start	1	2020	3	31	23
	794	199	198.500000	40.250000	100685.500000	-2.224121	2020	3	31	23
start	1	2020	3	31	21
	1025	182	256.250000	44.500000	100295.800000	11883.320000	2020	3	31	21
