start	1	2020	1	10	23
	1038	251	259.500000	27.250000	99872.440000	2691.049000	2020	1	10	23
start	1	2020	1	14	13
	1419	150	354.750000	52.500000	97882.310000	57.674320	2020	1	14	13
start	1	2020	2	3	20
	1014	201	253.500000	39.750000	98953.440000	27266.490000	2020	2	3	20
start	1	2020	2	8	0
	1170	181	292.500000	44.750000	96665.940000	342.947800	2020	2	8	0
start	1	2020	2	13	11
	1123	202	280.750000	39.500000	100156.500000	6711.202000	2020	2	13	11
start	1	2020	2	15	0
	1284	129	321.000000	57.750000	93169.190000	6.377441	2020	2	15	0
start	1	2020	3	7	6
	1305	116	326.250000	61.000000	96716.190000	-3.720215	2020	3	7	6
start	1	2020	3	16	9
	1313	106	328.250000	63.500000	95412.620000	-2.595215	2020	3	16	9
start	1	2020	3	14	3
	966	185	241.500000	43.750000	99287.750000	13242.000000	2020	3	14	3
start	1	2020	3	22	2
	1255	137	313.750000	55.750000	95354.560000	1.100098	2020	3	22	2
start	1	2020	3	26	19
	1159	113	289.750000	61.750000	99044.060000	55.635250	2020	3	26	19
start	1	2020	3	27	19
	1209	170	302.250000	47.500000	98281.060000	189.037600	2020	3	27	19
start	1	2020	3	28	22
	1068	192	267.000000	42.000000	99045.690000	2931.487000	2020	3	28	22
start	1	2020	3	31	23
	1125	227	281.250000	33.250000	100039.200000	-5.239746	2020	3	31	23
